  8.7321187e+002  8.0817720e-001  1.0134867e-002
  9.1276044e+002  8.2603148e-001 -8.1110629e-003
  9.4738802e+002  8.3312224e-001 -1.7928770e-002
  9.8333548e+002  8.2972495e-001 -1.6548426e-002
  9.4885292e+002  8.1343436e-001 -1.0356680e-002
  8.9170043e+002  7.9630471e-001  2.4407914e-003
  8.8948045e+002  7.9534337e-001  1.0653014e-002
  9.4517752e+002  8.0510243e-001 -5.1191308e-003
  9.5217911e+002  8.0313521e-001 -1.3225367e-002
  9.3353393e+002  7.9869048e-001 -1.2598331e-002
  9.1511226e+002  7.8820069e-001 -8.4980407e-003
  8.6578595e+002  7.7805003e-001  2.8909056e-003
  8.4921188e+002  7.8147060e-001  1.2735235e-002
  9.2427473e+002  7.9930861e-001  2.7209292e-003
  9.5049669e+002  8.0807925e-001 -1.0063551e-002
  9.3006017e+002  8.0761830e-001 -1.2540891e-002
  9.1282300e+002  8.0284690e-001 -7.9752000e-003
  8.8966527e+002  7.9100441e-001  4.4002836e-003
  8.6342588e+002  7.9031229e-001  1.6241649e-002
  9.1592231e+002  7.9973043e-001  1.9000245e-003
  9.2351973e+002  8.0223772e-001 -1.0078111e-002
  8.8627101e+002  7.9829374e-001 -1.0944209e-002
  8.6491702e+002  7.9267946e-001 -6.6174177e-003
  8.3730921e+002  7.8179817e-001  4.1898613e-003
  8.1625553e+002  7.8179537e-001  1.3520310e-002
  8.1960952e+002  7.9187891e-001  7.5713350e-003
  8.0839450e+002  7.9757796e-001 -3.5459481e-003
  7.7853247e+002  8.1169805e-001 -1.9201260e-003
  7.9281569e+002  8.2027600e-001 -7.4630140e-003
  8.7534351e+002  8.2620484e-001 -1.0611297e-002
  8.6769005e+002  8.1072742e-001 -3.1249967e-004
  8.6880206e+002  8.0000693e-001  8.4962710e-003
  9.4068728e+002  8.0383146e-001 -3.5105822e-003
  9.5784577e+002  7.9409096e-001 -8.6909591e-003
  9.5339691e+002  7.7871510e-001 -7.2102734e-003
  8.8530975e+002  7.5803496e-001 -1.6994731e-003
  8.1511063e+002  7.4523288e-001  1.0967277e-002
  8.1231121e+002  7.5407672e-001  1.6145593e-002
  8.5989203e+002  7.7361846e-001 -5.0725166e-004
  1.0401841e+003  7.8834820e-001 -7.4021025e-003
  1.0174415e+003  7.7809052e-001 -6.8687991e-003
  9.2350622e+002  7.6082867e-001  4.2319938e-003
  8.5072467e+002  7.5528374e-001  1.3741874e-002
  9.3459058e+002  7.7339361e-001  2.3449629e-004
  1.0576873e+003  7.7808650e-001 -8.0359776e-003
  9.9787131e+002  7.6577765e-001 -6.7252065e-003
  9.1172636e+002  7.4905098e-001  1.2915529e-003
  8.0365321e+002  7.4356910e-001  1.1266319e-002
  8.1290007e+002  7.6399406e-001  4.5522320e-003
  8.7853125e+002  7.8964647e-001 -5.7199155e-003
  1.0150033e+003  8.0902505e-001 -8.5965806e-003
  9.4226566e+002  8.0767781e-001 -3.8846518e-003
  8.4581225e+002  8.0366452e-001  9.3711508e-003
  8.4997212e+002  8.1253570e-001  1.5620542e-002
  1.0417742e+003  8.3505500e-001 -3.0473809e-003
  1.0205528e+003  8.3085979e-001 -1.3653730e-002
  9.5716024e+002  8.0930846e-001 -1.0282915e-002
  8.3015556e+002  7.8807050e-001  3.8947641e-003
  7.7965525e+002  7.8636000e-001  1.3340435e-002
  8.5430799e+002  8.0418325e-001  1.0523053e-003
  9.9063311e+002  8.1608481e-001 -6.0113564e-003
  9.8057896e+002  8.0930802e-001 -5.7240641e-003
  8.5607560e+002  7.9220359e-001  4.3205562e-003
  8.0525692e+002  7.9462354e-001  1.5019255e-002
  9.9076939e+002  8.1427491e-001  7.5958188e-004
  1.0579035e+003  8.1363572e-001 -7.6301593e-003
  9.8412638e+002  7.9893865e-001 -5.7139581e-003
  8.7792469e+002  7.7826046e-001  2.4871417e-003
  7.7455967e+002  7.7469261e-001  1.4850190e-002
  8.8831226e+002  8.0159113e-001  2.4493166e-003
  1.1299738e+003  8.1665020e-001 -7.9673709e-003
  1.0302254e+003  8.0299254e-001 -6.6429617e-003
  9.0837308e+002  7.8974954e-001 -2.4261670e-004
  7.8756930e+002  7.8096273e-001  1.2725063e-002
  8.2297362e+002  8.0184661e-001  7.3534112e-003
  1.0278324e+003  8.2076428e-001 -5.8474385e-003
  9.9757058e+002  8.1636869e-001 -7.7855692e-003
  9.2597781e+002  8.0830708e-001 -3.3969630e-003
  7.8955598e+002  7.9947753e-001  1.0367659e-002
  8.6735609e+002  8.1851879e-001  5.7846768e-003
  1.0699193e+003  8.3353153e-001 -7.2521671e-003
  9.8365489e+002  8.2000134e-001 -8.0373140e-003
  8.8396262e+002  8.0210491e-001 -2.3435024e-004
  7.8314902e+002  7.9395554e-001  1.2018506e-002
  7.8851278e+002  8.0543523e-001  1.5375864e-002
  9.8509121e+002  8.2398948e-001 -2.5764149e-003
  9.3525183e+002  8.2021940e-001 -8.8007206e-003
  8.4464791e+002  8.1521042e-001 -4.5084769e-003
  7.8064917e+002  8.1238093e-001  6.6970512e-003
  7.9181040e+002  8.3078495e-001  1.3775689e-002
  1.0232092e+003  8.5895436e-001 -2.1083193e-003
  1.1334554e+003  8.6326630e-001 -8.6492226e-003
  1.0433159e+003  8.4500723e-001 -5.4950214e-003
  8.7516359e+002  8.1712760e-001  7.8949751e-003
  8.3882873e+002  8.1679495e-001  9.0026658e-003
  9.3205858e+002  8.2979935e-001 -4.6923692e-003
  9.2650168e+002  8.2210167e-001 -9.5378992e-003
  9.1411937e+002  7.9409117e-001 -6.5001334e-003
  8.5982553e+002  7.7136736e-001  7.2331199e-004
  8.0124245e+002  7.5661181e-001  9.9251867e-003
  8.0796260e+002  7.6333295e-001  7.4626274e-003
  8.6303272e+002  7.6974403e-001 -4.8933705e-003
  9.1983592e+002  7.6411765e-001 -6.6443864e-003
  8.8976735e+002  7.4882124e-001 -4.7988523e-003
  8.3761783e+002  7.3370296e-001  4.1423206e-003
  7.9602458e+002  7.2878721e-001  1.3937582e-002
  8.5769826e+002  7.4280932e-001  3.5075728e-003
  1.0300679e+003  7.5164810e-001 -5.6277634e-003
  9.8033262e+002  7.4104727e-001 -6.3701027e-003
  8.9514640e+002  7.3450708e-001 -2.9971078e-003
  8.0291666e+002  7.2841366e-001  7.2659346e-003
  8.0700179e+002  7.3817424e-001  1.1382920e-002
  9.0543021e+002  7.6048737e-001 -3.3637623e-003
  9.6288665e+002  7.7413513e-001 -7.0535722e-003
  9.3277079e+002  7.8271112e-001 -5.1415531e-003
  8.7487315e+002  7.8440727e-001  2.0005956e-003
  8.5079094e+002  7.9119898e-001  1.2186309e-002
  9.7635665e+002  8.0967950e-001 -1.3104310e-003
  9.8644378e+002  8.1247711e-001 -5.8216399e-003
  9.5912249e+002  8.0792807e-001 -4.1586999e-003
  8.6420272e+002  7.9472872e-001  2.3618322e-003
  8.1102417e+002  7.9487208e-001  1.0752817e-002
  8.2621690e+002  8.0782153e-001  7.4888755e-003
  8.9688658e+002  8.2900674e-001 -4.8939468e-003
  9.2452485e+002  8.3822189e-001 -6.6855419e-003
  8.9632396e+002  8.4232093e-001 -4.7158725e-003
  8.5008774e+002  8.3586365e-001  6.6237628e-003
  8.3749454e+002  8.6470712e-001  1.6862249e-002
  1.0284568e+003  8.5396663e-001  7.4768436e-004
  9.9030282e+002  8.3608013e-001 -7.7739066e-003
  9.2476732e+002  8.2196301e-001 -5.9899292e-003
  8.6039435e+002  8.0248612e-001  2.5014010e-003
  7.9873610e+002  7.9471613e-001  1.2231655e-002
  8.4036364e+002  8.0179452e-001  4.3835202e-003
  9.2056656e+002  8.0838517e-001 -7.5550978e-003
  8.8190279e+002  8.0349156e-001 -7.9435009e-003
  8.4410336e+002  8.0085657e-001 -5.8456410e-003
  8.0290533e+002  7.8410352e-001  7.3905757e-003
  7.9402209e+002  7.8144738e-001  1.2818478e-002
  9.2139185e+002  7.9476566e-001 -1.0048013e-003
  1.0029007e+003  7.9349964e-001 -6.9022978e-003
  9.7511554e+002  7.8082978e-001 -5.0812885e-003
  8.8184320e+002  7.6792393e-001  1.5852705e-003
  8.1943479e+002  7.7222941e-001  1.3332504e-002
  8.6945616e+002  7.8393140e-001 -3.7278666e-003
  9.0825530e+002  7.7468979e-001 -7.8507729e-003
  9.3610210e+002  7.7023786e-001 -5.5623965e-003
  8.9519028e+002  7.6338357e-001 -8.4806796e-004
  8.4523524e+002  7.5916255e-001  7.0018836e-003
  8.4688946e+002  7.6246247e-001  9.2426911e-003
  1.1261645e+003  7.7759162e-001 -2.8300577e-003
  1.0300030e+003  7.6718935e-001 -4.5097210e-003
  9.4473617e+002  7.6399066e-001 -3.0798593e-003
  8.6877078e+002  7.5554779e-001  4.1900995e-003
  8.2757838e+002  7.6093670e-001  1.0104479e-002
  9.6587241e+002  7.8092734e-001 -2.4980770e-003
  1.0206149e+003  7.8830683e-001 -4.2796139e-003
  9.5018673e+002  7.8942619e-001 -2.8500247e-003
  8.5909791e+002  7.8370341e-001  5.9112603e-003
  8.1371478e+002  7.8591794e-001  1.2702690e-002
  8.7872165e+002  8.0992333e-001 -1.8472425e-003
  1.0135707e+003  8.2715365e-001 -5.8035027e-003
  9.9520011e+002  8.3218060e-001 -4.6711129e-003
  9.2248199e+002  8.2293054e-001  8.9030455e-004
  8.1791050e+002  8.1955701e-001  1.2451313e-002
  8.9975819e+002  8.3586264e-001  5.7171067e-004
  1.0275944e+003  8.4205731e-001 -5.5230171e-003
  9.8430853e+002  8.2751768e-001 -4.8446433e-003
  8.7959936e+002  8.0961668e-001 -1.5440742e-003
  7.9773851e+002  7.9596181e-001  9.6197753e-003
  8.2115652e+002  8.0122197e-001  4.2233179e-003
  9.0101628e+002  8.1311705e-001 -5.1203629e-003
  9.3887335e+002  8.1023637e-001 -5.0050165e-003
  9.1099108e+002  7.9746737e-001 -3.0835902e-003
  8.3417551e+002  7.8299717e-001  6.9222820e-003
  7.9089227e+002  7.8136537e-001  1.5670333e-002
  8.5884026e+002  7.9483959e-001 -4.5296047e-004
  9.1349215e+002  8.0124639e-001 -6.9378817e-003
  9.2622814e+002  8.0028756e-001 -6.0945438e-003
  8.7213683e+002  7.9039132e-001 -2.4889557e-003
  8.0784192e+002  7.8238129e-001  8.2139654e-003
  8.0789615e+002  7.8624357e-001  1.0532424e-002
  9.5729990e+002  7.9905872e-001 -3.6755758e-003
  1.0140925e+003  7.9870847e-001 -6.2863730e-003
  9.0266900e+002  7.8014178e-001 -3.2162540e-003
  8.2525432e+002  7.6805199e-001  6.8848883e-003
  8.0330991e+002  7.7121809e-001  9.5254474e-003
  8.9968311e+002  7.8761883e-001 -2.9043316e-003
  9.1304434e+002  7.9606485e-001 -6.0402929e-003
  9.4548656e+002  7.9930941e-001 -4.6480015e-003
  8.8223544e+002  7.9392832e-001  1.9647286e-003
  8.4085097e+002  7.9440263e-001  9.7588987e-003
  1.0150453e+003  8.0686477e-001  1.1185339e-004
  1.0310301e+003  8.0456338e-001 -5.2666411e-003
  9.9991674e+002  7.9384454e-001 -4.2165011e-003
  8.6148866e+002  7.7952466e-001  1.0707897e-004
  7.6878291e+002  7.7377644e-001  9.6685514e-003
  7.7415458e+002  7.8605021e-001  7.8375554e-003
  8.5364105e+002  8.1158540e-001 -3.8923965e-003
  1.1867953e+003  8.3520101e-001 -5.9035282e-003
  1.0089348e+003  8.2668101e-001 -3.6854562e-003
  9.0682238e+002  8.2368609e-001  4.7353756e-003
  8.8074767e+002  8.2966755e-001  8.2494212e-003
  1.0235293e+003  8.4663699e-001 -4.7363741e-003
  1.0621604e+003  8.3608778e-001 -4.8048457e-003
  9.1590990e+002  8.1634387e-001  1.3072803e-003
  8.3076029e+002  8.0796535e-001  1.1054397e-002
  9.6811925e+002  8.1428600e-001  2.1361868e-003
  9.7694232e+002  8.1014107e-001 -6.0443911e-003
  9.3329088e+002  8.0128977e-001 -5.0392448e-003
  8.4186126e+002  7.8867668e-001  7.0493519e-005
  7.8501744e+002  7.8368816e-001  1.0779744e-002
  8.2336398e+002  7.8962127e-001  1.0785507e-002
  9.5016764e+002  8.0125847e-001 -4.7359291e-003
  9.6531052e+002  7.9924855e-001 -6.8087880e-003
  9.5889798e+002  7.9405107e-001 -4.9124904e-003
  8.7688540e+002  7.8543473e-001  9.8865568e-004
  8.1170226e+002  7.8075743e-001  1.0210077e-002
  8.5189512e+002  7.9367883e-001  5.0779634e-004
  8.6674356e+002  8.0230161e-001 -5.5481791e-003
  8.5835090e+002  8.1252885e-001 -5.2287284e-003
  8.5865874e+002  8.1746496e-001 -2.8572544e-003
  8.1666923e+002  8.1808856e-001  6.1333655e-003
  8.1009027e+002  8.2317985e-001  1.5331925e-002
  9.2987608e+002  8.3492332e-001  7.8428754e-004
  9.5085996e+002  8.3684842e-001 -6.5869963e-003
  9.4018789e+002  8.3037434e-001 -7.4713303e-003
  8.7678563e+002  8.1809459e-001 -2.7236166e-003
  8.1921211e+002  8.0579127e-001  8.2666722e-003
  8.1706682e+002  7.9996381e-001  1.4989116e-002
  9.3233485e+002  8.0131233e-001 -1.1470215e-003
  9.6181806e+002  7.8960817e-001 -9.2208659e-003
  9.0872154e+002  7.7241905e-001 -6.2535830e-003
  8.1567593e+002  7.5650001e-001  4.0142191e-003
  7.8303395e+002  7.5044847e-001  1.3278343e-002
  7.9556854e+002  7.5520427e-001  3.7101105e-003
  8.8436688e+002  7.6478228e-001 -6.2651652e-003
  9.6904671e+002  7.7078678e-001 -7.4112528e-003
  9.6119710e+002  7.7814852e-001 -4.9548745e-003
  8.9776345e+002  7.8081725e-001  4.1848075e-003
  8.6130448e+002  7.7950315e-001  1.4796373e-002
  1.0155666e+003  7.8699698e-001 -2.8851076e-003
  9.9662281e+002  7.7857818e-001 -6.4657611e-003
  9.4334147e+002  7.6804232e-001 -6.0379969e-003
  8.4935186e+002  7.6080803e-001  2.3936610e-003
  7.7800016e+002  7.5917148e-001  1.4518493e-002
  8.4779001e+002  7.6957974e-001  1.0458449e-003
  9.2620689e+002  7.7640092e-001 -6.3780051e-003
  1.0277963e+003  7.7895985e-001 -5.8478266e-003
  9.7326500e+002  7.7787850e-001 -2.5974316e-003
  8.7023359e+002  7.7317276e-001  7.8907916e-003
  9.0198535e+002  7.7418083e-001  1.1511055e-002
  1.0657412e+003  7.8146410e-001 -4.3608332e-003
  1.0666402e+003  7.7560879e-001 -6.4665351e-003
  9.7768868e+002  7.6792956e-001 -3.4669494e-003
  8.6726786e+002  7.5835161e-001  5.7575406e-003
  8.4960958e+002  7.6012259e-001  1.1081730e-002
  9.6959099e+002  7.6726938e-001 -3.2792175e-003
  1.0440467e+003  7.6497190e-001 -5.1995799e-003
  9.3449481e+002  7.6655330e-001 -3.4427162e-003
  8.6017307e+002  7.6339580e-001  6.3767207e-003
  8.4856452e+002  8.1222215e-001  1.2282039e-002
  1.0235884e+003  7.9765065e-001 -4.0944295e-003
  9.1346224e+002  7.9290754e-001 -5.6678588e-003
  8.6641999e+002  7.9268592e-001 -3.8004447e-003
  8.4713437e+002  7.9192695e-001  7.4955353e-004
  8.2447122e+002  7.8970813e-001  1.1930039e-002
  8.4427290e+002  7.9250134e-001  7.4300373e-003
  8.0567714e+002  7.9999826e-001 -4.1367542e-003
  7.7441547e+002  8.0795114e-001 -2.5883013e-003
  7.9627040e+002  8.1630328e-001 -5.0413319e-003
  8.9139397e+002  8.1796855e-001 -4.8779097e-003
  8.7744792e+002  8.1107451e-001  2.0060089e-004
  8.3833521e+002  8.0101303e-001  9.4951545e-003
  8.9278377e+002  8.0377460e-001  1.0022833e-003
  9.3517237e+002  8.0433428e-001 -4.7177182e-003
  9.2379589e+002  7.9750777e-001 -4.1977662e-003
  8.7757517e+002  7.8681575e-001 -1.9917440e-003
  8.3418870e+002  7.7477163e-001  7.2669450e-003
  8.2033465e+002  7.7431058e-001  1.3707709e-002
  8.4591664e+002  7.8645025e-001 -1.8558972e-003
  8.7411264e+002  7.9352308e-001 -5.7221414e-003
  9.3011878e+002  7.9807341e-001 -4.5991700e-003
  9.0432469e+002  7.9918339e-001 -1.0766701e-003
  8.5055092e+002  8.0002294e-001  1.0676737e-002
  8.8342340e+002  8.1084230e-001  8.0084390e-003
  1.0621708e+003  8.2347337e-001 -4.3882504e-003
  1.0260366e+003  8.1902158e-001 -5.4951947e-003
  9.0876936e+002  8.1274259e-001 -3.2638445e-003
  8.5255340e+002  8.0563575e-001  6.3106981e-003
  8.2599761e+002  8.0338313e-001  1.2938163e-002
  8.9391726e+002  8.1309061e-001 -2.9409431e-004
  9.2378483e+002  8.1822471e-001 -5.4593756e-003
  9.4680809e+002  8.1714666e-001 -4.7911132e-003
  8.8514722e+002  8.0779609e-001 -5.6403290e-004
  8.4537326e+002  8.0183454e-001  9.8612709e-003
  9.2420953e+002  8.0342219e-001  5.4129471e-003
  9.8520445e+002  8.0591039e-001 -4.9443244e-003
  9.5078233e+002  7.9881738e-001 -4.5307185e-003
  9.1270372e+002  7.9180963e-001 -2.5346087e-003
